15 200
0 250 250 0 0 1925 0 -1 -1
1 279 355 9 0 1925 10 0 0
2 482 104 19 0 1925 10 0 0
3 337 41 8 0 1925 10 0 0
4 178 135 -36 0 1925 10 1 0
5 139 438 24 0 1925 10 0 1
6 218 271 16 0 1925 10 0 1
7 355 174 33 0 1925 10 0 1
8 228 260 -73 0 1925 10 1 1
9 382 360 26 0 1925 10 0 2
10 154 374 36 0 1925 10 0 2
11 12 358 -62 0 1925 10 1 2
12 29 358 23 0 1925 10 0 3
13 303 78 12 0 1925 10 0 3
14 392 491 10 0 1925 10 0 3
15 284 457 -45 0 1925 10 1 3
16 93 413 17 0 1925 10 0 4
17 125 61 26 0 1925 10 0 4
18 0 356 13 0 1925 10 0 4
19 199 203 20 0 1925 10 0 4
20 39 153 26 0 1925 10 0 4
21 92 259 4 0 1925 10 0 4
22 157 269 -106 0 1925 10 1 4
23 50 383 20 0 1925 10 0 5
24 111 392 18 0 1925 10 0 5
25 66 314 26 0 1925 10 0 5
26 214 274 -64 0 1925 10 1 5
27 149 458 13 0 1925 10 0 6
28 142 80 12 0 1925 10 0 6
29 120 261 5 0 1925 10 0 6
30 306 235 25 0 1925 10 0 6
31 235 13 27 0 1925 10 0 6
32 229 322 -82 0 1925 10 1 6
33 441 7 20 0 1925 10 0 7
34 62 94 -20 0 1925 10 1 7
35 40 304 16 0 1925 10 0 8
36 248 214 -16 0 1925 10 1 8
37 222 331 10 0 1925 10 0 9
38 441 177 23 0 1925 10 0 9
39 415 207 18 0 1925 10 0 9
40 404 140 -51 0 1925 10 1 9
41 210 219 7 0 1925 10 0 10
42 465 367 14 0 1925 10 0 10
43 412 478 7 0 1925 10 0 10
44 181 441 25 0 1925 10 0 10
45 472 57 17 0 1925 10 0 10
46 473 491 23 0 1925 10 0 10
47 381 328 -93 0 1925 10 1 10
48 224 56 13 0 1925 10 0 11
49 385 17 40 0 1925 10 0 11
50 9 233 31 0 1925 0 0 11
51 191 215 17 0 1925 10 0 11
52 98 29 14 0 1925 10 0 11
53 148 208 22 0 1925 10 0 11
54 162 301 -137 0 1925 10 1 11
55 65 343 38 0 1925 10 0 12
56 61 170 20 0 1925 10 0 12
57 13 394 15 0 1925 10 0 12
58 268 288 -73 0 1925 10 1 12
59 261 359 10 0 1925 10 0 13
60 339 144 13 0 1925 10 0 13
61 33 268 18 0 1925 10 0 13
62 217 333 26 0 1925 10 0 13
63 466 96 22 0 1925 10 0 13
64 279 355 9 0 1925 10 0 13
65 87 311 7 0 1925 10 0 13
66 226 175 -105 0 1925 10 1 13
67 394 47 5 0 1925 10 0 14
68 161 416 25 0 1925 10 0 14
69 385 239 21 0 1925 10 0 14
70 293 174 31 0 1925 10 0 14
71 330 308 24 0 1925 0 0 14
72 374 346 27 0 1925 10 0 14
73 260 472 -133 0 1925 10 1 14
